703,3
703,2
703,1
703,0
702,5
702,4
702,3
702,2
702,1
702,0
701,9
701,8
701,7
701,6
701,5
701,4
701,3
701,2
701,1
701,0
14,29
700,8
700,7
700,6
700,5
700,4
700,3
700,2
700,1
700,0
699,7
699,6
699,5
699,4
699,3
699,2
699,1
699,0
698,6
698,5
698,4
698,3
698,2
698,1
698,0
697,5
697,4
697,3
697,2
697,1
697,0
696,4
696,3
696,2
696,1
696,0
695,6
695,5
695,4
695,3
695,2
695,1
695,0
694,5
694,4
694,3
694,2
694,1
694,0
693,6
693,5
693,4
693,3
693,2
693,1
693,0
692,5
692,4
692,3
692,2
692,1
692,0
691,6
691,5
691,4
691,3
691,2
691,1
691,0
690,5
690,4
690,3
690,2
690,1
690,0
689,6
689,5
689,4
689,3
689,2
689,1
689,0
688,6
688,5
688,4
688,3
688,2
688,1
688,0
687,5
687,4
687,3
687,2
687,1
687,0
686,4
686,3
686,2
686,1
686,0
685,7
685,6
685,5
685,4
685,3
685,2
685,1
685,0
684,6
684,5
684,4
684,3
684,2
684,1
684,0
683,5
683,4
683,3
683,2
683,1
683,0
682,4
682,3
682,2
682,1
682,0
681,18
681,17
681,16
681,15
681,14
681,13
681,12
681,11
681,10
681,9
681,8
681,7
681,6
681,5
681,4
681,3
681,2
681,1
681,0
680,17
680,16
680,15
680,14
680,13
680,12
680,11
680,10
680,9
680,8
680,7
680,6
680,5
680,4
680,3
680,2
680,1
680,0
679,16
679,15
679,14
679,13
679,12
679,11
679,10
679,9
679,8
679,7
679,6
679,5
679,4
679,3
679,2
679,1
679,0
678,15
678,14
678,13
678,12
678,11
678,10
678,9
678,8
678,7
678,6
678,5
678,4
678,3
678,2
678,1
678,0
677,14
677,13
677,12
677,11
677,10
677,9
677,8
677,7
677,6
677,5
677,4
677,3
677,2
677,1
677,0
676,13
676,12
676,11
676,10
676,9
676,8
676,7
676,6
676,5
676,4
676,3
676,2
676,1
676,0
675,12
675,11
675,10
675,9
675,8
675,7
675,6
675,5
675,4
675,3
675,2
675,1
675,0
674,11
674,10
674,9
674,8
674,7
674,6
674,5
674,4
674,3
674,2
674,1
674,0
673,10
673,9
673,8
673,7
673,6
673,5
673,4
673,3
673,2
673,1
673,0
672,9
672,8
672,7
672,6
672,5
672,4
672,3
672,2
672,1
672,0
671,8
671,7
671,6
671,5
671,4
671,3
671,2
671,1
671,0
670,7
670,6
670,5
670,4
670,3
670,2
670,1
670,0
669,6
669,5
669,4
669,3
669,2
669,1
669,0
668,7
668,6
668,5
668,4
668,3
668,2
668,1
668,0
667,6
667,5
667,4
667,3
667,2
667,1
667,0
666,4
666,3
666,2
666,1
666,0
665,3
665,2
665,1
665,0
664,4
664,3
664,2
664,1
664,0
663,3
663,2
663,1
663,0
662,4
662,3
662,2
662,1
662,0
661,4
661,3
661,2
661,1
661,0
660,4
660,3
660,2
660,1
660,0
659,3
659,2
659,1
659,0
658,4
658,3
658,2
658,1
658,0
657,4
657,3
657,2
657,1
657,0
656,4
656,3
656,2
656,1
656,0
655,3
655,2
655,1
655,0
654,4
654,3
654,2
654,1
654,0
653,4
653,3
653,2
653,1
653,0
652,4
652,3
652,2
652,1
652,0
651,3
651,2
651,1
651,0
650,4
650,3
650,2
650,1
650,0
649,4
649,3
649,2
649,1
649,0
648,7
648,6
648,5
648,4
648,3
648,2
648,1
648,0
647,6
647,5
647,4
647,3
647,2
647,1
647,0
646,9
646,8
646,7
646,6
646,5
646,4
646,3
646,2
646,1
646,0
645,8
645,7
645,6
645,5
645,4
645,3
645,2
645,1
645,0
644,4
644,3
644,2
644,1
644,0
643,5
643,4
643,3
643,2
643,1
643,0
642,4
642,3
642,2
642,1
642,0
641,10
641,9
641,8
641,7
641,6
641,5
641,4
641,3
641,2
641,1
641,0
640,9
640,8
640,7
640,6
640,5
640,4
640,3
640,2
640,1
640,0
639,8
639,7
639,6
639,5
639,4
639,3
639,2
639,1
639,0
638,7
638,6
638,5
638,4
638,3
638,2
638,1
638,0
637,5
637,4
637,3
637,2
637,1
637,0
636,8
636,7
636,6
636,5
636,4
636,3
636,2
636,1
636,0
635,7
635,6
635,5
635,4
635,3
635,2
635,1
635,0
634,9
634,8
634,7
634,6
634,5
634,4
634,3
634,2
634,1
634,0
633,8
633,7
633,6
633,5
633,4
633,3
633,2
633,1
633,0
632,7
632,6
632,5
632,4
632,3
632,2
632,1
632,0
631,4
631,3
631,2
631,1
631,0
630,7
630,6
630,5
630,4
630,3
630,2
630,1
630,0
629,6
629,5
629,4
629,3
629,2
629,1
629,0
628,5
628,4
628,3
628,2
628,1
628,0
627,4
627,3
627,2
627,1
627,0
626,4
626,3
626,2
626,1
626,0
625,4
625,3
625,2
625,1
625,0
624,6
624,5
624,4
624,3
624,2
624,1
624,0
623,5
623,4
623,3
623,2
623,1
623,0
622,4
622,3
622,2
622,1
622,0
621,8
621,7
621,6
621,5
621,4
621,3
621,2
621,1
621,0
620,7
620,6
620,5
620,4
620,3
620,2
620,1
620,0
619,6
619,5
619,4
619,3
619,2
619,1
619,0
618,5
618,4
618,3
618,2
618,1
618,0
617,4
617,3
617,2
617,1
617,0
616,8
616,7
616,6
616,5
616,4
616,3
616,2
616,1
616,0
615,7
615,6
615,5
615,4
615,3
615,2
615,1
615,0
614,4
614,3
614,2
614,1
614,0
613,8
613,7
613,6
613,5
613,4
613,3
613,2
613,1
613,0
612,7
612,6
612,5
612,4
612,3
612,2
612,1
612,0
611,6
611,5
611,4
611,3
611,2
611,1
611,0
610,5
610,4
610,3
610,2
610,1
610,0
609,4
609,3
609,2
609,1
609,0
608,5
608,4
608,3
608,2
608,1
608,0
607,4
607,3
607,2
607,1
607,0
606,5
606,4
606,3
606,2
606,1
606,0
605,6
605,5
605,4
605,3
605,2
605,1
605,0
604,7
604,6
604,5
604,4
604,3
604,2
604,1
604,0
603,12
603,11
603,10
603,9
603,8
603,7
603,6
603,5
603,4
603,3
603,2
603,1
603,0
602,11
602,10
602,9
602,8
602,7
602,6
602,5
602,4
602,3
602,2
602,1
602,0
601,10
601,9
601,8
601,7
601,6
601,5
601,4
601,3
601,2
601,1
601,0
600,9
600,8
600,7
600,6
600,5
600,4
600,3
600,2
600,1
600,0
599,8
599,7
599,6
599,5
599,4
599,3
599,2
599,1
599,0
598,7
598,6
598,5
598,4
598,3
598,2
598,1
598,0
597,6
597,5
597,4
597,3
597,2
597,1
597,0
596,5
596,4
596,3
596,2
596,1
596,0
595,4
595,3
595,2
595,1
595,0
594,4
594,3
594,2
594,1
594,0
593,13
593,12
593,11
593,10
593,9
593,8
593,7
593,6
593,5
593,4
593,3
593,2
593,1
593,0
592,12
592,11
592,10
592,9
592,8
592,7
592,6
592,5
592,4
592,3
592,2
592,1
592,0
591,11
591,10
591,9
591,8
591,7
591,6
591,5
591,4
591,3
591,2
591,1
591,0
590,10
590,9
590,8
590,7
590,6
590,5
590,4
590,3
590,2
590,1
590,0
589,9
589,8
589,7
589,6
589,5
589,4
589,3
589,2
589,1
589,0
588,8
588,7
588,6
588,5
588,4
588,3
588,2
588,1
588,0
587,7
587,6
587,5
587,4
587,3
587,2
587,1
587,0
586,6
586,5
586,4
586,3
586,2
586,1
586,0
585,5
585,4
585,3
585,2
585,1
585,0
584,4
584,3
584,2
584,1
584,0
583,4
583,3
583,2
583,1
583,0
582,7
582,6
582,5
582,4
582,3
582,2
582,1
582,0
581,6
581,5
581,4
581,3
581,2
581,1
581,0
580,5
580,4
580,3
580,2
580,1
580,0
579,4
579,3
579,2
579,1
579,0
578,5
578,4
578,3
578,2
578,1
578,0
577,4
577,3
577,2
577,1
577,0
576,4
576,3
576,2
576,1
576,0
575,9
575,8
575,7
575,6
575,5
575,4
575,3
575,2
575,1
575,0
574,8
574,7
574,6
574,5
574,4
574,3
574,2
574,1
574,0
573,7
573,6
573,5
573,4
573,3
573,2
573,1
573,0
572,4
572,3
572,2
572,1
572,0
571,4
571,3
571,2
571,1
571,0
570,4
570,3
570,2
570,1
570,0
569,7
569,6
569,5
569,4
569,3
569,2
569,1
569,0
568,8
568,7
568,6
568,5
568,4
568,3
568,2
568,1
568,0
567,7
567,6
567,5
567,4
567,3
567,2
567,1
567,0
566,6
566,5
566,4
566,3
566,2
566,1
566,0
565,9
565,8
565,7
565,6
565,5
565,4
565,3
565,2
565,1
565,0
564,8
564,7
564,6
564,5
564,4
564,3
564,2
564,1
564,0
563,7
563,6
563,5
563,4
563,3
563,2
563,1
563,0
562,4
562,3
562,2
562,1
562,0
561,4
561,3
561,2
561,1
561,0
560,4
560,3
560,2
560,1
560,0
559,4
559,3
559,2
559,1
559,0
558,4
558,3
558,2
558,1
558,0
557,6
557,5
557,4
557,3
557,2
557,1
557,0
556,5
556,4
556,3
556,2
556,1
556,0
555,8
555,7
555,6
555,5
555,4
555,3
555,2
555,1
555,0
554,7
554,6
554,5
554,4
554,3
554,2
554,1
554,0
553,6
553,5
553,4
553,3
553,2
553,1
553,0
552,5
552,4
552,3
552,2
552,1
552,0
551,4
551,3
551,2
551,1
551,0
550,8
550,7
550,6
550,5
550,4
550,3
550,2
550,1
550,0
549,7
549,6
549,5
549,4
549,3
549,2
549,1
549,0
548,6
548,5
548,4
548,3
548,2
548,1
548,0
547,4
547,3
547,2
547,1
547,0
546,7
546,6
546,5
546,4
546,3
546,2
546,1
546,0
545,6
545,5
545,4
545,3
545,2
545,1
545,0
544,5
544,4
544,3
544,2
544,1
544,0
543,4
543,3
543,2
543,1
543,0
542,4
542,3
542,2
542,1
542,0
541,7
541,6
541,5
541,4
541,3
541,2
541,1
541,0
540,4
540,3
540,2
540,1
540,0
539,4
539,3
539,2
539,1
539,0
538,3
538,2
538,1
538,0
537,4
537,3
537,2
537,1
537,0
536,3
536,2
536,1
536,0
535,4
